3,2
3,1
3,3
10,155
10,289
10,129
10,65
10,111
10,101
12,2
12,1
12,3
28,3
28,2
28,1
28,0
27,5
27,4
27,3
27,2
27,1
27,0
26,4
26,3
26,2
26,1
26,0
25,3
25,2
25,1
25,0
24,3
24,2
24,1
24,0
11,29
11,28
11,27
11,26
11,25
11,24
11,23
11,22
11,21
11,20
11,19
11,18
11,17
11,16
11,15
11,14
11,13
11,12
11,11
11,10
11,9
11,8
11,7
11,6
11,5
11,4
11,3
11,2
11,1
11,0
10,95
10,94
10,93
20,2
10,92
20,1
10,91
20,3
10,90
10,89
10,88
10,87
10,86
10,85
10,84
10,83
10,82
10,35
10,34
10,33
10,32
10,31
10,30
10,29
19,2
10,28
19,1
10,27
19,3
10,26
10,25
10,24
10,23
10,22
10,21
10,20
10,19
10,18
10,17
10,16
